apples 
1 3 5 2 4 6 5 6 2 2 3 4 5 6 4 5 2 2 4 4 5 5 3 2 3 4 5 3 2 2 4 5 5 4 3 2

oranges
4 5 7  8 9 6 5 4 4 5 6 6 7 8 8 7 6 5 4 4 5 6 7 8 9 8 7 5 4

pears
6 7 8 9 0 9 8 7 6 7 8 9 0 9 8 7 6 7 8 

bananas
1 12 13 15 14 13 11 12 13 14 15 14 13 11 12 13 14 15
17 18 10 19 10 19 17 16 15 16 15 17 17 19 10 10 18 17 16 15 15 16 17 17 19 19 17

DEcf.5f 
79 86 86 77 65 77 72 73 65 56 60 69 75 70
62 56 69 55 67 99 

GAm.05pop100cross2
27 27 26 2 25 26 10 20 31 6 17 25 25 19 25 23 16 5 2 23

GAm.01pop100cross1
37 62 55 56 63 36 34 65 56 52 33 46 41 34 40 50 40 61 35 65

